21
84
113
182
227
230
232
237
277
312
374
380
420
486
502
518
535
592
643
668
796
870
906
943
943
997
1004
1039
1072
1135
1213
1224
1294
1303
1366
1400
1448
1493
1627
1663
1694
1738
1788
1797
1840
1855
1880
1914
1925
1964
1985
2012
2027
2071
2104
2145
2150
2172
2174
2244
2287
2305
2365
2436
2438
2441
2451
2462
2481
2500
2538
2564
2589
2611
2656
2685
2690
2731
2784
2811
2825
2846
2849
2859
2872
2880
2921
2951
2954
2956
3097
3104
3119
3130
3209
3402
3409
3447
3484
3526
3555
3573
3585
3586
3648
3657
3715
3743
3787
3806
3877
3905
4010
4050
4111
4130
4214
4223
4255
4286
4330
4349
4352
4378
4464
4534
4539
4558
4578
4598
4603
4659
4662
4764
4874
4877
4892
4896
4898
4912
4942
4952
4985
4986
5002
5070
5076
5081
5093
5109
5138
5143
5192
5196
5218
5239
5267
5278
5348
5350
5388
5390
5396
5408
5432
5440
5496
5497
5531
5551
5569
5589
5614
5690
5698
5714
5737
5860
5956
5961
6011
6031
6034
6041
6045
6058
6139
6164
6176
6231
6247
6277
6374
6384
6403
6419
6486
6513
6531
6564
6577
6583
6599
6614
6618
6635
6643
6818
6819
6858
6894
6928
6945
6954
6983
6984
7028
7044
7084
7086
7132
7172
7209
7291
7377
7427
7458
7536
7631
7644
7737
7740
7749
7757
7768
7867
7868
7894
7928
7963
7975
8003
8003
8034
8109
8127
8177
8194
8262
8264
8355
8379
8450
8450
8473
8478
8523
8524
8568
8574
8582
8592
8759
8771
8794
8855
8876
8887
8889
8902
8907
8921
8932
8946
8961
8990
9067
9070
9144
9166
9174
9205
9298
9299
9301
9316
9348
9351
9435
9482
9523
9540
9586
9661
9689
9738
9750
9817
9826
9870
9893
9932
9934
9936
9945
9956
9972
9987
10019
10030
10077
10146
10155
10162
10232
10261
10262
10268
10325
10399
10495
10496
10596
10614
10632
10653
10660
10825
10883
10901
10947
10959
10967
11125
11127
11138
11152
11153
11195
11196
11197
11282
11288
11340
11414
11416
11459
11519
11531
11536
11594
11619
11641
11655
11670
11714
11745
11766
11773
11783
11798
11808
11831
11940
11955
12029
12038
12076
12182
12304
12349
12384
12385
12400
12400
12502
12515
12576
12582
12618
12671
12697
12697
12787
12793
12797
12840
12844
12867
12871
12874
12879
12897
12941
12969
12977
13034
13069
13079
13084
13120
13223
13231
13260
13296
13328
13347
13379
13394
13458
13521
13530
13547
13554
13608
13625
13665
13761
13780
13795
13885
13908
13921
13928
13966
13985
13992
14008
14084
14124
14133
14152
14205
14210
14244
14273
14299
14407
14414
14447
14454
14491
14511
14522
14678
14684
14706
14709
14737
14738
14745
14745
14747
14758
14787
14813
14826
14892
14944
14960
14961
15034
15060
15069
15134
15234
15243
15275
15297
15378
15429
15433
15446
15451
15507
15556
15558
15654
15704
15716
15740
15774
15775
15839
15846
15929
15945
16069
16070
16071
16072
16126
16190
16214
16294
16327
16386
16391
16487
16496
16505
16571
16638
16646
16650
16675
16688
16695
16732
16746
16800
16808
16808
16808
16885
16910
16984
17030
17034
17046
17064
17065
17202
17217
17246
17318
17387
17391
17393
17458
17508
17521
17559
17608
17614
17671
17680
17728
17771
17784
17795
17805
17831
17873
17902
17974
17990
18044
18049
18090
18129
18174
18186
18190
18205
18208
18254
18256
18284
18332
18341
18368
18382
18387
18427
18502
18536
18538
18554
18555
18631
18662
18711
18729
18776
18837
18843
18894
18896
18896
18900
18928
18952
18981
18989
19005
19010
19054
19055
19058
19092
19108
19139
19157
19242
19249
19265
19299
19336
19412
19442
19455
19514
19582
19592
19676
19720
19789
19800
19801
19812
19929
19941
20078
20082
20085
20100
20161
20171
20223
20261
20293
20364
20426
20441
20451
20453
20483
20510
20569
20575
20617
20675
20718
20757
20819
20945
20946
20969
21001
21139
21166
21190
21265
21272
21277
21395
21433
21553
21569
21591
21622
21660
21702
21721
21730
21756
21773
21776
21787
21839
21850
21863
21882
21897
21933
21969
22008
22032
22051
22060
22093
22098
22138
22143
22152
22191
22229
22233
22268
22270
22379
22395
22400
22404
22410
22500
22529
22580
22604
22617
22732
22780
22783
22918
22920
23001
23042
23054
23101
23119
23124
23183
23252
23257
23267
23294
23314
23319
23354
23406
23538
23543
23572
23633
23644
23680
23717
23741
23752
23752
23768
23787
23790
23825
23829
23833
23860
23899
23901
23924
23951
24019
24051
24052
24089
24093
24128
24148
24297
24382
24389
24397
24469
24510
24565
24642
24654
24706
24897
24937
24944
24954
24958
24978
24985
24998
25010
25061
25090
25122
25150
25208
25248
25266
25267
25267
25274
25376
25460
25546
25548
25580
25591
25605
25618
25623
25637
25658
25678
25721
25733
25739
25825
25851
25957
25993
26051
26087
26088
26114
26119
26226
26261
26264
26302
26305
26407
26422
26432
26443
26480
26514
26515
26515
26532
26534
26603
26623
26625
26638
26680
26718
26749
26760
26818
26852
26852
26857
26901
26935
26978
27056
27131
27138
27220
27247
27296
27306
27322
27362
27373
27385
27386
27397
27484
27546
27561
27606
27663
27686
27769
27776
27821
27861
27863
27933
28017
28022
28051
28053
28087
28098
28108
28109
28176
28216
28292
28300
28304
28316
28428
28517
28523
28614
28633
28707
28810
28854
28855
28895
28960
28991
29018
29053
29093
29148
29237
29247
29265
29301
29336
29354
29390
29424
29431
29443
29448
29471
29472
29526
29536
29559
29562
29583
29645
29667
29679
29688
29689
29696
29739
29764
29813
29819
29865
29871
29893
29916
30013
30091
30092
30097
30149
30194
30218
30225
30239
30269
30406
30439
30459
30470
30470
30480
30496
30500
30524
30598
30600
30612
30616
30641
30646
30660
30682
30689
30740
30842
30866
30915
30929
30946
30979
31071
31137
31215
31239
31240
31257
31291
31300
31316
31351
31355
31369
31422
31472
31480
31493
31542
31571
31572
31586
31602
31658
31674
31695
31696
31739
31759
31770
31793
31811
31876
31949
32007
32025
32060
32062
32115
32142
32181
32202
32215
32264
32298
32308
32346
32366
32425
32469
32496
32513
32522
32537
32564
32697
32711
32712
